1265
2807
1769
1570
2161
2396
2181
2044
1874
3064
1689
1038
2433
3211
1282
2125
2657
2265
2415
1828
3437
535
1302
2610
807
3616
654
1476
2545
1315
339
2375
2997
1415
2391
1442
1829
3446
1382
1409
1561
885
2149
3400
2482
1261
1008
1630
1079
950
2785
797
2782
237
3094
1490
1329
3271
1650
1605
894
1669
1551
1628
1347
776
2326
1823
2221
2294
2120
2698
763
2196
78
3294
1877
2130
1940
1557
46
366
1061
2442
1762
1485
2275
1817
1277
3191
1441
861
2979
1305
2079
1381
3016
3324
2683
2317
1980
1625
1676
1780
1861
3682
1641
1123
2966
48
1233
2390
1072
1506
1910
2405
1310
1026
1963
3100
3195
889
1472
22
1756
427
2685
959
3481
544
3730
3205
723
2674
1043
1973
1325
3595
979
1852
419
811
3227
890
1198
442
2914
1100
2128
1314
2802
1418
2428
386
2743
230
3189
2799
173
1371
1104
2330
2641
39
1836
2780
1992
784
3167
1765
2832
1522
1727
841
2023
2410
1602
3527
3223
1666
1743
451
3484
2487
3239
921
406
2083
1884
1248
2471
59
1396
1660
2773
1740
1792
1833
2950
1529
77
1448
695
1267
1358
701
3706
893
131
1701
1011
3159
2186
702
2486
1140
1905
1718
1860
986
1781
865
241
537
216
1286
370
2664
2225
1806
1222
2640
1110
814
1887
1238
791
877
2340
647
1706
1638
513
289
2992
1858
1318
1190
1530
1850
2109
1111
49
1552
102
1167
1334
969
1612
1749
2268
429
714
2393
1020
1387
1343
1249
1504
538
1930
2182
1493
3596
2852
2352
1433
2336
260
2658
3537
606
3631
725
2113
2387
2436
122
582
2043
2348
2924
1256
1395
1545
1726
2527
2863
1492
946
998
3125
2895
1584
802
12
3217
2305
1237
951
114
547
3372
235
2058
1538
362
2024
1338
3708
129
1644
2285
2257
311
1447
3157
1721
690
2491
2422
3567
3653
786
1236
1807
208
985
1105
1400
3648
199
2838
75
3540
215
648
508
1593
529
973
1899
1525
2358
280
1457
1753
901
3394
24
1503
1219
238
1257
2711
1685
2232
1029
3342
236
2554
1244
3391
739
750
3034
2279
2559
3460
105
2483
1733
2304
1130
249
609
1161
2964
2033
932
1214
930
2467
503
983
2517
64
2137
106
1663
1039
1564
3085
852
2174
2473
863
1324
107
1272
2046
1227
2425
684
484
1254
3163
1372
1120
1004
1609
1760
1845
1087
498
3535
1915
2764
1717
3011
1451
1306
1734
669
1600
3641
2408
116
592
515
62
281
1772
2579
137
364
712
869
655
2342
2537
1375
3476
1975
2323
1580
1615
1846
1101
2445
1319
2825
1109
426
1653
2134
1405
2971
341
1466
109
2419
1514
636
1291
1746
1578
1962
3309
1268
347
2737
2177
1247
1664
1166
156
1357
2560
3612
1283
919
398
17
2155
2464
2401
413
583
1035
1414
516
2385
1698
526
2431
2740
3192
1023
323
2477
2593
2505
3078
382
641
1344
2168
769
167
623
3025
256
378
1794
2938
1695
1947
2548
2530
1052
2661
835
133
1738
80
143
1333
1090
36
399
1481
856
3565
3071
2406
287
3693
2450
286
1443
1586
1062
3517
200
1135
1019
3111
1804
148
2244
1508
89
789
1170
838
1798
2048
2038
96
1352
2064
3627
3572
1558
3106
666
3494
851
103
2219
1014
1081
2074
2237
3555
531
694
1048
731
947
1966
2434
244
1908
539
47
2498
2189
2429
2495
2962
1631
2061
553
1471
1583
3254
439
2936
621
2150
491
328
445
2411
2070
430
2192
2002
1155
2870
858
2981
1136
3243
394
73
1362
926
138
1865
3319
38
1618
3647
1017
2452
935
2955
343
966
1055
1273
1647
1404
95
2438
646
309
113
462
2816
369
1245
1151
1456
510
2327
988
518
752
881
2017
452
3147
1634
931
284
2054
318
1003
667
2898
820
2592
1031
2021
945
721
2107
3387
3440
2947
652
3215
1209
1376
90
2829
1942
3675
3431
2104
3137
1885
3462
2140
1452
1006
2948
320
3727
417
3339
3689
3021
2414
1202
1686
2191
86
2368
2093
2110
2679
490
1366
120
808
3208
2594
692
2596
1462
72
2571
2178
1868
1060
3610
2095
2590
384
948
2295
1208
245
650
1509
540
635
2583
1057
2284
2466
443
900
449
934
1296
3221
967
11
743
1911
3253
3350
2214
2684
958
3723
348
536
1049
300
1143
3638
1690
785
799
40
1810
2568
424
874
453
2779
1016
1424
1040
729
2749
2492
3218
1230
1797
781
2845
3597
2015
3115
2762
99
3070
2673
454
3004
314
994
846
3607
873
147
2952
360
817
2606
2397
2028
2976
250
573
2672
3202
1759
304
676
155
2707
1922
2349
2489
1438
677
740
1730
3101
1258
937
447
1535
1680
3039
1461
688
2145
159
2337
3043
1423
2201
3023
1679
788
1533
1670
898
767
2115
1429
117
3015
1007
3522
2874
3365
1182
142
611
186
1041
2240
2096
2930
3619
816
435
240
565
2077
2378
1094
2958
1288
3523
912
826
279
433
150
3561
2598
486
1750
2270
2249
554
651
2091
1482
1524
1066
916
974
962
2929
963
2840
991
3135
2601
3341
3133
54
229
337
1229
1519
939
1954
380
3325
319
3249
2907
3067
2063
3532
1428
3362
3528
3075
357
2198
3201
377
436
2039
3722
813
371
505
2261
93
2542
2745
2365
1775
1239
210
1080
795
1102
2424
1218
3355
1764
2364
298
477
3672
151
1657
853
3160
3443
1855
2909
3331
720
1901
870
1297
3439
2712
1292
2521
450
3179
1983
2131
351
2767
713
2381
1541
247
153
3558
1010
421
751
3228
622
2536
3119
481
756
2165
2260
1894
3496
3361
2501
1895
2126
74
1042
823
1171
3694
1891
3520
2311
2359
1801
2353
438
2588
6
2563
1754
361
1918
1145
198
542
3466
379
53
2957
2533
911
253
1673
758
1024
2274
3713
187
524
294
316
2369
638
3397
3719
2380
886
1162
2049
837
423
2001
1820
375
1367
670
2013
3711
299
2599
659
2139
1033
2447
487
1139
1138
558
790
1328
1559
1181
2516
840
2510
2523
255
2087
971
2901
494
3183
3344
1574
990
1943
1824
616
3237
1914
3212
718
2059
1262
1839
833
259
2212
831
285
1419
3170
2616
2100
1921
2052
1311
737
2597
2766
673
82
325
1091
2012
1276
2645
3592
792
164
3380
271
2222
1642
2860
562
1626
1034
92
254
56
2018
1968
3323
251
1682
3551
2526
209
19
207
3097
2918
1410
525
2226
2075
3310
2787
904
672
340
1958
1878
1027
3259
2655
3690
2101
2208
261
549
2316
981
3084
1391
825
2567
221
2507
2216
2184
3076
474
2266
3656
849
649
1989
1498
264
3408
1053
875
2502
915
2300
71
1401
2031
658
1927
368
3618
738
822
376
416
2443
2374
1536
1722
1144
764
388
1432
139
533
291
528
277
918
3275
2539
2034
1813
1546
2812
1814
1131
978
1253
3080
755
1513
201
2105
576
223
3295
1054
1774
1999
1950
2998
1339
276
1926
3169
2944
909
1215
567
2611
3128
3493
779
34
1702
3665
211
2961
545
2086
2282
1870
3247
16
1129
322
1430
3107
3148
1985
2789
2291
742
2
2522
134
3332
2055
1834
2638
2933
128
681
2925
3422
3650
1015
2370
331
162
809
2343
2512
3468
1898
2439
227
735
560
79
146
437
1696
1497
470
1604
923
1390
2090
848
640
1300
2008
2146
3066
393
1186
165
395
333
3335
3152
1058
313
3732
3047
1348
624
3002
172
3044
3604
2121
390
532
3652
308
1906
1621
2297
2456
3186
2116
2417
2067
662
2211
2850
984
396
3608
1785
1993
593
519
1567
3429
3035
1838
970
1996
754
1599
3603
1778
57
213
1152
31
365
130
2171
1361
189
2241
1156
522
2865
3091
2135
63
2256
1864
33
1936
355
3356
2476
2934
2847
555
1562
2462
3503
1959
1904
3419
3185
2320
1386
2152
3676
687
3613
855
43
97
3709
3030
2233
1674
3121
3153
2461
1093
1577
3659
775
2826
1902
3639
663
310
2470
3155
267
307
3297
2587
45
3546
3092
2680
2546
467
3284
2871
179
3587
1953
3717
1937
478
3029
2662
1500
1882
634
1197
2497
3305
3573
845
473
1465
2453
3122
2162
1705
385
373
3290
787
3403
1177
1888
274
475
3334
2080
61
3593
2576
2007
3599
1554
3306
1786
2768
2892
2904
2420
1658
3393
1234
55
2841
1997
469
2036
842
3346
3006
353
1589
3175
2861
3138
3096
722
954
678
3144
1856
3654
3508
1590
81
2187
3577
18
3453
334
275
957
1488
3479
1881
1802
1620
497
2982
3143
3316
1353
2915
2580
708
2457
2844
698
3531
1487
907
2730
3634
15
3265
3007
3
50
686
581
3724
777
2830
2217
3556
2943
2607
1946
910
1737
2602
3424
1073
1976
3583
1849
91
2849
2786
2245
3578
2831
1059
3472
880
3301
397
1969
2384
5
3702
1146
2250
1477
2345
3112
1540
633
3524
2400
2761
1124
3296
400
2555
418
1981
457
324
356
3371
955
372
402
3048
949
3511
2098
2866
3073
152
2207
2817
2834
3315
204
1744
3012
2271
1594
2653
3281
2575
2564
3109
2747
2557
2170
98
3566
556
3412
794
161
2750
2919
2735
456
2811
3679
1986
1573
3635
3644
2654
625
1712
2734
3040
3669
3645
2288
306
2772
3282
3207
2541
3457
3576
3132
3478
2857
2166
2905
3488
3649
1711
3176
2770
2615
3598
3623
1616
3286
1818
3703
2513
3514
2906
2875
2718
1169
3376
2800
523
7
3733
3255
1201
464
3499
3584
2771
3489
3433
1654
3180
2671
3366
166
3434
1648
444
3557
707
3404
2029
2550
2332
3196
3418
2741
3326
3377
2939
3081
3588
2808
468
3381
3698
866
2310
2556
2896
2731
2531
3233
288
3628
2746
3129
3020
2280
2195
3447
3164
2333
2856
1871
3529
3568
2572
3513
3542
3720
2069
3629
3473
665
3240
2708
3728
2975
1191
2910
3413
3224
2202
2289
2967
3552
3001
3680
3302
3291
3428
3026
3660
3469
3589
8
29
3543
3458
3714
3685
3234
3388
3409
3670
3664
