1920 *
2769 *
1929 *
2011 *
2942 *
3668 *
2469 *
1863 *
3289 *
1108 *
3541 *
1512 *
3467 *
771 *
3516 *
3190 *
3701 *
1470 *
3662 *
1672 *
3280 *
1684 *
3512 *
2413 *
1431 *
3498 *
1678 *
2373 *
2235 *
1165 *
2798 *
2220 *
2574 *
2824 *
938 *
3146 *
2037 *
3032 ?
3450 *
1365 *
1486 *
1720 *
1603 *
1221 *
1637 *
3264 *
1480 *
3667 *
1791 *
2114 *
1281 *
3285 *
1021 *
2000 *
1389 *
1816 *
3065 *
3696 *
1688 *
2160 *
1313
3162
1662
2859
2520
1379
2728
1342
2325
3581
2652
1534
3063
3427
2367
1528
2535
2006
2974
1773
3194
2236
2418
1614
709
2185
1323
3300
2956
2194
1832
1469
2176
2108
760
1859
1572
2485
1732
557
1588
1475
804
1464
832
2965
3099
3683
2843
2315
1913
3199
1935
2864
3502
2828
1266
3174
3131
3461
1844
2331
1656
1290
1967
1716
700
1768
3248
2053
2744
3658
2570
3340
3304
3151
2119
2778
1827
3731
2103
1051
2678
3232
876
3688
2215
561
590
1180
942
2553
1636
2697
1309
3370
3602
344
2656
338
3019
346
3550
1213
728
1380
2913
3005
206
2427
2810
1812
682
1295
226
1748
1252
2500
1436
1979
94
1652
2206
1725
2710
1941
1700
2094
3168
617
1356
897
1704
2960
1207
1304
3258
3158
1837
118
1374
2716
1974
1134
933
1351
3184
3062
961
3042
104
2089
2200
2363
2032
2138
2696
349
1370
145
1332
136
2670
359
1085
3712
589
461
905
657
3270
2733
1876
3242
2566
3318
3726
2928
2341
2651
1460
3423
1450
2788
191
2932
2558
884
1394
2169
496
867
1122
1880
3492
944
412
2278
1945
883
108
1399
2460
2951
1002
2351
2441
1742
1710
637
144
1474
2529
3314
3079
2643
1086
3432
1957
1337
2255
3028
506
463
2586
2496
2689
2357
1022
509
1030
3069
977
3375
1403
3684
2389
559
500
2848
2506
2595
2475
2085
2923
2283
2057
2578
908
3545
2264
1518
2124
1217
965
2917
821
2042
2062
1047
3402
3274
3330
2022
762
1299
1598
2309
806
2562
1133
2154
2073
222
3396
1160
2399
812
922
1025
1619
268
1385
1200
999
3491
1331
2980
476
575
3477
2490
303
3643
872
2639
2273
892
1408
824
1779
3663
1925
1502
766
1550
2180
3536
3452
2210
661
2544
1582
3033
232
3074
1455
225
1991
266
2248
2379
1065
2303
3354
3206
1544
258
2706
1624
3483
3210
1260
800
1507
929
746
917
257
21
705
733
242
1694
2129
3692
1103
2243
2900
1196
1897
1608
2395
171
119
2908
3014
3010
1903
2016
1800
3120
696
3083
706
1046
243
100
2224
169
2319
13
3622
2078
1708
868
383
1422
2833
3105
293
1822
190
563
796
3090
1413
543
2231
387
566
3417
3345
594
888
2293
2068
1995
693
1078
1064
2717
1758
217
3353
485
1491
1137
1952
283
1854
1763
3226
448
2164
1539
3718
653
2144
1496
2269
160
2455
3591
492
748
404
1099
896
1869
2229
3178
2869
2899
521
2451
3392
976
2549
26
2347
724
3633
1287
27
3442
783
3697
2287
1009
1426
1128
1175
703
3046
2903
1446
3438
101
3238
704
2600
2815
389
1150
9
1189
345
2335
1560
2148
1629
350
2190
1317
1984
1118
252
530
2946
1185
599
202
1886
860
993
292
2465
1271
2873
1437
501
2540
598
697
58
401
2099
2027
495
3379
1640
2855
234
2582
374
3707
1
110
67
520
121
1427
2806
953
2481
409
83
2970
3507
3674
1752
2299
1184
744
2605
455
1176
1971
1275
3216
1848
112
88
70
3606
2133
1556
228
830
141
1243
203
504
1089
1005
1071
1796
541
2404
2729
2446
1961
3222
3127
3038
405
1228
1417
125
415
1360
111
2748
674
747
342
1646
2432
1523
2644
3136
1933
572
1893
3571
2515
997
1826
326
219
35
551
844
231
1790
2682
270
1056
1154
392
2784
66
3349
2259
2437
441
205
246
2239
2839
459
1018
2409
507
14
278
643
836
3411
2609
3000
28
671
628
645
717
989
1576
482
168
819
734
3364
367
3142
3024
1592
2937
3200
3637
1566
680
3095
290
1736
20
263
157
1013
3360
2383
422
3560
1346
69
3386
2739
2511
3487
1668
604
1232
1805
1784
170
1037
2525
414
408
2614
3471
434
2660
163
3456
2765
3114
2996
941
859
3678
925
3582
2760
2047
914
1909
605
3407
2591
2423